chain_ones=1_hidden=0_hetero=0_scramble=0 SEM [+1.000, +1.000, +1.000, +1.000, +1.000, +0.000, +0.000, +0.000, +0.000, +0.000] 0.00000 0.00000
chain_ones=1_hidden=0_hetero=0_scramble=0 ERM [+0.042, +0.020, +0.088, +0.062, +0.066, +0.049, +0.050, +0.007, +0.029, +0.014] 0.89208 0.00120
chain_ones=1_hidden=0_hetero=0_scramble=0 IRM [+0.366, +0.184, -0.123, +0.158, +0.541, -0.058, +0.033, +0.236, -0.275, -0.357] 0.64980 0.05252
chain_ones=1_hidden=0_hetero=0_scramble=0 SEM [+1.000, +1.000, +1.000, +1.000, +1.000, +0.000, +0.000, +0.000, +0.000, +0.000] 0.00000 0.00000
chain_ones=1_hidden=0_hetero=0_scramble=0 ERM [+0.078, +0.092, +0.091, +0.041, +0.059, +0.017, +0.018, +0.019, +0.041, +0.025] 0.86149 0.00067
chain_ones=1_hidden=0_hetero=0_scramble=0 IRM [-1.177, -0.579, +0.390, -0.491, +0.336, -0.320, -0.180, -0.245, -0.085, +0.538] 2.05329 0.09834
chain_ones=1_hidden=0_hetero=0_scramble=0 SEM [+1.000, +1.000, +1.000, +1.000, +1.000, +0.000, +0.000, +0.000, +0.000, +0.000] 0.00000 0.00000
chain_ones=1_hidden=0_hetero=0_scramble=0 ERM [+0.038, +0.056, +0.089, +0.079, +0.086, +0.033, +0.017, +0.015, +0.017, +0.008] 0.86577 0.00039
chain_ones=1_hidden=0_hetero=0_scramble=0 IRM [-0.117, -0.149, -0.029, +0.280, -0.266, +0.201, +0.108, +0.108, +0.022, +0.298] 1.14985 0.03064
chain_ones=1_hidden=0_hetero=0_scramble=0 SEM [+1.000, +1.000, +1.000, +1.000, +1.000, +0.000, +0.000, +0.000, +0.000, +0.000] 0.00000 0.00000
chain_ones=1_hidden=0_hetero=0_scramble=0 ERM [+0.071, +0.054, +0.066, +0.055, +0.074, +0.014, +0.035, +0.010, +0.021, +0.031] 0.87615 0.00057
chain_ones=1_hidden=0_hetero=0_scramble=0 IRM [+0.618, +0.366, +0.112, +0.684, -0.303, -0.428, -0.157, +0.825, -0.610, +0.379] 0.62667 0.28072
chain_ones=1_hidden=0_hetero=0_scramble=0 SEM [+1.000, +1.000, +1.000, +1.000, +1.000, +0.000, +0.000, +0.000, +0.000, +0.000] 0.00000 0.00000
chain_ones=1_hidden=0_hetero=0_scramble=0 ERM [+0.050, +0.036, +0.047, +0.053, +0.057, +0.024, +0.035, +0.028, +0.026, +0.015] 0.90514 0.00070
chain_ones=1_hidden=0_hetero=0_scramble=0 IRM [-0.007, -0.499, -0.183, +0.118, +0.166, -0.204, +0.104, -0.319, -0.235, +0.183] 1.22685 0.04869
chain_ones=1_hidden=0_hetero=0_scramble=0 SEM [+1.000, +1.000, +1.000, +1.000, +1.000, +0.000, +0.000, +0.000, +0.000, +0.000] 0.00000 0.00000
chain_ones=1_hidden=0_hetero=0_scramble=0 ERM [+0.064, +0.061, +0.035, +0.041, +0.046, +0.019, +0.015, +0.026, +0.039, +0.039] 0.90333 0.00086
chain_ones=1_hidden=0_hetero=0_scramble=0 IRM [-0.022, -0.327, -0.062, +0.088, +0.424, +0.033, +0.248, +0.221, -0.037, -0.157] 1.01926 0.02746
chain_ones=1_hidden=0_hetero=0_scramble=0 SEM [+1.000, +1.000, +1.000, +1.000, +1.000, +0.000, +0.000, +0.000, +0.000, +0.000] 0.00000 0.00000
chain_ones=1_hidden=0_hetero=0_scramble=0 ERM [+0.041, +0.070, +0.050, +0.092, +0.097, +0.053, +0.027, +0.033, +0.010, +0.020] 0.86580 0.00102
chain_ones=1_hidden=0_hetero=0_scramble=0 IRM [+0.334, -0.525, +0.041, +0.400, +0.699, -0.135, -0.513, -0.423, -0.092, +0.772] 0.82807 0.21309
chain_ones=1_hidden=0_hetero=0_scramble=0 SEM [+1.000, +1.000, +1.000, +1.000, +1.000, +0.000, +0.000, +0.000, +0.000, +0.000] 0.00000 0.00000
chain_ones=1_hidden=0_hetero=0_scramble=0 ERM [+0.077, +0.069, +0.050, +0.085, +0.078, +0.008, +0.038, +0.024, +0.024, +0.012] 0.86153 0.00057
chain_ones=1_hidden=0_hetero=0_scramble=0 IRM [+0.199, +0.196, +0.168, +0.250, +0.212, -0.006, +0.057, +0.050, -0.009, -0.002] 0.63260 0.00116
chain_ones=1_hidden=0_hetero=0_scramble=0 SEM [+1.000, +1.000, +1.000, +1.000, +1.000, +0.000, +0.000, +0.000, +0.000, +0.000] 0.00000 0.00000
chain_ones=1_hidden=0_hetero=0_scramble=0 ERM [+0.031, +0.087, +0.045, +0.056, +0.016, +0.027, +0.013, +0.044, +0.028, +0.045] 0.90847 0.00114
chain_ones=1_hidden=0_hetero=0_scramble=0 IRM [-0.325, +0.748, -0.403, +0.134, -0.079, +0.342, -0.537, +0.289, +0.133, +0.231] 1.14062 0.11194
chain_ones=1_hidden=0_hetero=0_scramble=0 SEM [+1.000, +1.000, +1.000, +1.000, +1.000, +0.000, +0.000, +0.000, +0.000, +0.000] 0.00000 0.00000
chain_ones=1_hidden=0_hetero=0_scramble=0 ERM [+0.050, +0.070, +0.037, +0.053, +0.051, +0.024, +0.019, +0.033, +0.030, +0.028] 0.89849 0.00073
chain_ones=1_hidden=0_hetero=0_scramble=0 IRM [+0.098, +0.140, +0.026, +0.153, +0.102, +0.054, +0.048, +0.154, +0.079, +0.070] 0.80509 0.00803chain_ones=1_hidden=0_hetero=0_scramble=1 SEM [+1.000, +1.000, +1.000, +1.000, +1.000, +0.000, +0.000, +0.000, +0.000, +0.000] 0.00000 0.00000
chain_ones=1_hidden=0_hetero=0_scramble=1 ERM [+0.057, +0.060, +0.077, +0.079, +0.019, +0.036, +0.018, +0.006, +0.008, +0.026] 0.88716 0.00048
chain_ones=1_hidden=0_hetero=0_scramble=1 IRM [+0.252, -0.452, -0.420, +0.198, -0.553, -0.183, +0.563, +0.380, +0.169, -0.004] 1.54768 0.10468
chain_ones=1_hidden=0_hetero=0_scramble=1 SEM [+1.000, +1.000, +1.000, +1.000, +1.000, +0.000, +0.000, +0.000, +0.000, +0.000] 0.00000 0.00000
chain_ones=1_hidden=0_hetero=0_scramble=1 ERM [+0.036, +0.077, +0.039, +0.051, +0.027, +0.033, +0.013, +0.010, +0.017, +0.031] 0.91055 0.00052
chain_ones=1_hidden=0_hetero=0_scramble=1 IRM [+0.284, -0.050, -0.392, -0.007, -0.233, +0.050, +0.343, +0.681, -0.134, -0.044] 1.21728 0.12079
chain_ones=1_hidden=0_hetero=0_scramble=1 SEM [+1.000, +1.000, +1.000, +1.000, +1.000, +0.000, +0.000, +0.000, +0.000, +0.000] 0.00000 0.00000
chain_ones=1_hidden=0_hetero=0_scramble=1 ERM [+0.045, +0.052, +0.056, +0.039, +0.034, +0.021, +0.018, +0.022, +0.026, +0.034] 0.91161 0.00061
chain_ones=1_hidden=0_hetero=0_scramble=1 IRM [-0.280, +0.156, +0.088, -0.056, -0.078, -0.246, -0.050, -0.047, -0.691, +0.722] 1.09218 0.21276
chain_ones=1_hidden=0_hetero=0_scramble=1 SEM [+1.000, +1.000, +1.000, +1.000, +1.000, +0.000, +0.000, +0.000, +0.000, +0.000] 0.00000 0.00000
chain_ones=1_hidden=0_hetero=0_scramble=1 ERM [+0.007, +0.061, +0.034, +0.081, +0.058, +0.053, +0.016, +0.025, -0.006, +0.006] 0.90671 0.00074
chain_ones=1_hidden=0_hetero=0_scramble=1 IRM [-0.075, -0.461, -0.383, -0.440, -0.218, -0.199, -0.316, +0.211, -0.274, +0.176] 1.75181 0.05803
chain_ones=1_hidden=0_hetero=0_scramble=1 SEM [+1.000, +1.000, +1.000, +1.000, +1.000, +0.000, +0.000, +0.000, +0.000, +0.000] 0.00000 0.00000
chain_ones=1_hidden=0_hetero=0_scramble=1 ERM [+0.068, +0.029, +0.068, +0.032, +0.042, +0.038, +0.050, +0.031, +0.047, +0.030] 0.90700 0.00161
chain_ones=1_hidden=0_hetero=0_scramble=1 IRM [+0.381, +0.404, +0.600, +0.021, -0.116, -0.191, -0.035, +0.008, +0.601, -0.131] 0.62078 0.08324
chain_ones=1_hidden=0_hetero=0_scramble=1 SEM [+1.000, +1.000, +1.000, +1.000, +1.000, +0.000, +0.000, +0.000, +0.000, +0.000] 0.00000 0.00000
chain_ones=1_hidden=0_hetero=0_scramble=1 ERM [+0.084, +0.040, +0.047, +0.064, +0.061, +0.012, +0.028, +0.016, +0.004, +0.030] 0.88551 0.00042
chain_ones=1_hidden=0_hetero=0_scramble=1 IRM [+0.719, -0.048, -0.215, -0.769, -0.880, -0.232, +0.019, -0.347, +0.169, +0.488] 1.86339 0.08838
chain_ones=1_hidden=0_hetero=0_scramble=1 SEM [+1.000, +1.000, +1.000, +1.000, +1.000, +0.000, +0.000, +0.000, +0.000, +0.000] 0.00000 0.00000
chain_ones=1_hidden=0_hetero=0_scramble=1 ERM [+0.058, +0.051, +0.064, +0.058, +0.045, +0.018, +0.023, +0.017, +0.026, +0.028] 0.89244 0.00053
chain_ones=1_hidden=0_hetero=0_scramble=1 IRM [-0.372, -0.016, -0.078, -0.123, +0.308, -0.398, -0.075, +0.049, +0.155, -0.154] 1.16348 0.04283
chain_ones=1_hidden=0_hetero=0_scramble=1 SEM [+1.000, +1.000, +1.000, +1.000, +1.000, +0.000, +0.000, +0.000, +0.000, +0.000] 0.00000 0.00000
chain_ones=1_hidden=0_hetero=0_scramble=1 ERM [+0.038, +0.071, +0.078, +0.067, +0.045, +0.045, +0.022, +0.032, +0.048, +0.025] 0.88410 0.00129
chain_ones=1_hidden=0_hetero=0_scramble=1 IRM [+0.215, +0.145, +0.108, +0.049, +0.373, +0.057, +0.035, +0.127, +0.157, -0.078] 0.68806 0.01026
chain_ones=1_hidden=0_hetero=0_scramble=1 SEM [+1.000, +1.000, +1.000, +1.000, +1.000, +0.000, +0.000, +0.000, +0.000, +0.000] 0.00000 0.00000
chain_ones=1_hidden=0_hetero=0_scramble=1 ERM [+0.034, +0.044, +0.044, +0.073, +0.051, +0.023, +0.041, +0.020, +0.016, +0.035] 0.90410 0.00081
chain_ones=1_hidden=0_hetero=0_scramble=1 IRM [-0.112, -0.397, -0.446, +0.308, -0.332, +0.161, +0.306, +0.347, -0.169, +0.402] 1.50676 0.08598
chain_ones=1_hidden=0_hetero=0_scramble=1 SEM [+1.000, +1.000, +1.000, +1.000, +1.000, +0.000, +0.000, +0.000, +0.000, +0.000] 0.00000 0.00000
chain_ones=1_hidden=0_hetero=0_scramble=1 ERM [+0.049, +0.041, +0.033, +0.044, +0.028, +0.042, +0.052, +0.029, +0.037, +0.041] 0.92350 0.00167
chain_ones=1_hidden=0_hetero=0_scramble=1 IRM [+0.599, -0.211, +0.264, -0.209, -0.089, -0.139, +0.182, -0.251, -0.136, +0.130] 0.96361 0.03013chain_ones=1_hidden=0_hetero=1_scramble=0 SEM [+1.000, +1.000, +1.000, +1.000, +1.000, +0.000, +0.000, +0.000, +0.000, +0.000] 0.00000 0.00000
chain_ones=1_hidden=0_hetero=1_scramble=0 ERM [+0.027, +0.036, +0.044, +0.017, +0.012, +0.064, +0.059, +0.055, +0.055, +0.034] 0.94629 0.00295
chain_ones=1_hidden=0_hetero=1_scramble=0 IRM [+0.103, +0.079, -0.200, +0.505, -0.204, +0.079, +0.080, +0.248, -0.154, +0.274] 0.95710 0.03461
chain_ones=1_hidden=0_hetero=1_scramble=0 SEM [+1.000, +1.000, +1.000, +1.000, +1.000, +0.000, +0.000, +0.000, +0.000, +0.000] 0.00000 0.00000
chain_ones=1_hidden=0_hetero=1_scramble=0 ERM [+0.034, +0.037, +0.035, +0.065, +0.036, +0.037, +0.049, +0.051, +0.027, +0.037] 0.91918 0.00171
chain_ones=1_hidden=0_hetero=1_scramble=0 IRM [+0.075, +0.278, -0.447, -0.203, -0.035, +0.298, -0.029, +0.326, +0.205, +0.147] 1.19796 0.05185
chain_ones=1_hidden=0_hetero=1_scramble=0 SEM [+1.000, +1.000, +1.000, +1.000, +1.000, +0.000, +0.000, +0.000, +0.000, +0.000] 0.00000 0.00000
chain_ones=1_hidden=0_hetero=1_scramble=0 ERM [+0.041, +0.048, +0.058, +0.067, +0.035, +0.050, +0.043, +0.035, +0.029, +0.043] 0.90327 0.00164
chain_ones=1_hidden=0_hetero=1_scramble=0 IRM [+0.141, +0.125, +0.111, +0.157, +0.138, +0.110, +0.112, +0.084, +0.052, +0.098] 0.74946 0.00882
chain_ones=1_hidden=0_hetero=1_scramble=0 SEM [+1.000, +1.000, +1.000, +1.000, +1.000, +0.000, +0.000, +0.000, +0.000, +0.000] 0.00000 0.00000
chain_ones=1_hidden=0_hetero=1_scramble=0 ERM [+0.017, +0.015, +0.025, +0.039, +0.029, +0.058, +0.053, +0.044, +0.056, +0.048] 0.95110 0.00270
chain_ones=1_hidden=0_hetero=1_scramble=0 IRM [-0.072, -0.208, +0.144, +0.143, +0.371, +0.211, +0.374, -0.049, -0.095, -0.353] 0.89397 0.06420
chain_ones=1_hidden=0_hetero=1_scramble=0 SEM [+1.000, +1.000, +1.000, +1.000, +1.000, +0.000, +0.000, +0.000, +0.000, +0.000] 0.00000 0.00000
chain_ones=1_hidden=0_hetero=1_scramble=0 ERM [+0.013, +0.012, +0.014, +0.009, +0.021, +0.063, +0.057, +0.042, +0.053, +0.031] 0.97261 0.00256
chain_ones=1_hidden=0_hetero=1_scramble=0 IRM [+0.043, +0.078, -0.780, +0.148, -0.226, +0.044, +0.061, -0.263, -0.310, -0.312] 1.43274 0.05365
chain_ones=1_hidden=0_hetero=1_scramble=0 SEM [+1.000, +1.000, +1.000, +1.000, +1.000, +0.000, +0.000, +0.000, +0.000, +0.000] 0.00000 0.00000
chain_ones=1_hidden=0_hetero=1_scramble=0 ERM [+0.034, +0.039, -0.004, +0.013, +0.016, +0.043, +0.050, +0.059, +0.058, +0.064] 0.96169 0.00306
chain_ones=1_hidden=0_hetero=1_scramble=0 IRM [-0.094, +0.241, -0.471, -0.147, +0.440, +0.469, +0.630, -0.706, -0.005, -0.049] 1.11329 0.22351
chain_ones=1_hidden=0_hetero=1_scramble=0 SEM [+1.000, +1.000, +1.000, +1.000, +1.000, +0.000, +0.000, +0.000, +0.000, +0.000] 0.00000 0.00000
chain_ones=1_hidden=0_hetero=1_scramble=0 ERM [+0.030, +0.055, +0.061, +0.024, +0.048, +0.051, +0.050, +0.052, +0.076, +0.040] 0.91511 0.00303
chain_ones=1_hidden=0_hetero=1_scramble=0 IRM [+0.156, +0.329, +0.500, +0.424, +0.239, +0.050, +0.016, -0.136, -0.196, +0.075] 0.46501 0.01304
chain_ones=1_hidden=0_hetero=1_scramble=0 SEM [+1.000, +1.000, +1.000, +1.000, +1.000, +0.000, +0.000, +0.000, +0.000, +0.000] 0.00000 0.00000
chain_ones=1_hidden=0_hetero=1_scramble=0 ERM [+0.043, -0.002, +0.022, +0.052, +0.082, +0.044, +0.067, +0.038, +0.057, +0.024] 0.92342 0.00233
chain_ones=1_hidden=0_hetero=1_scramble=0 IRM [-0.403, -0.039, -0.028, -0.032, +0.387, +0.427, +0.104, +0.151, +0.219, -0.121] 1.10914 0.05560
chain_ones=1_hidden=0_hetero=1_scramble=0 SEM [+1.000, +1.000, +1.000, +1.000, +1.000, +0.000, +0.000, +0.000, +0.000, +0.000] 0.00000 0.00000
chain_ones=1_hidden=0_hetero=1_scramble=0 ERM [+0.000, +0.015, +0.037, +0.019, +0.040, +0.050, +0.096, +0.052, +0.071, +0.048] 0.95619 0.00435
chain_ones=1_hidden=0_hetero=1_scramble=0 IRM [-0.025, -0.163, +0.098, -0.314, -0.026, +0.097, +0.360, +0.077, +0.438, +0.122] 1.19939 0.07035
chain_ones=1_hidden=0_hetero=1_scramble=0 SEM [+1.000, +1.000, +1.000, +1.000, +1.000, +0.000, +0.000, +0.000, +0.000, +0.000] 0.00000 0.00000
chain_ones=1_hidden=0_hetero=1_scramble=0 ERM [+0.034, +0.058, +0.034, +0.042, +0.010, +0.049, +0.056, +0.040, +0.051, +0.071] 0.93073 0.00295
chain_ones=1_hidden=0_hetero=1_scramble=0 IRM [-0.093, -0.009, -0.065, +0.237, +0.349, +0.090, -0.045, +0.025, -0.409, -0.283] 0.87069 0.05157chain_ones=1_hidden=0_hetero=1_scramble=1 SEM [+1.000, +1.000, +1.000, +1.000, +1.000, +0.000, +0.000, +0.000, +0.000, +0.000] 0.00000 0.00000
chain_ones=1_hidden=0_hetero=1_scramble=1 ERM [+0.042, +0.035, +0.072, -0.006, -0.046, +0.041, +0.055, +0.044, +0.052, +0.078] 0.96297 0.00308
chain_ones=1_hidden=0_hetero=1_scramble=1 IRM [+0.373, +0.283, +0.338, +0.063, -0.058, -0.086, +0.061, -0.059, +0.073, +0.201] 0.66863 0.01205
chain_ones=1_hidden=0_hetero=1_scramble=1 SEM [+1.000, +1.000, +1.000, +1.000, +1.000, +0.000, +0.000, +0.000, +0.000, +0.000] 0.00000 0.00000
chain_ones=1_hidden=0_hetero=1_scramble=1 ERM [+0.021, +0.038, +0.021, +0.034, +0.043, +0.049, +0.038, +0.071, +0.041, +0.062] 0.93873 0.00290
chain_ones=1_hidden=0_hetero=1_scramble=1 IRM [+0.527, +0.259, +0.080, +0.034, +0.200, -0.200, -0.085, +0.220, +0.052, -0.036] 0.63879 0.01986
chain_ones=1_hidden=0_hetero=1_scramble=1 SEM [+1.000, +1.000, +1.000, +1.000, +1.000, +0.000, +0.000, +0.000, +0.000, +0.000] 0.00000 0.00000
chain_ones=1_hidden=0_hetero=1_scramble=1 ERM [+0.010, +0.013, +0.025, -0.035, +0.012, +0.071, +0.042, +0.074, +0.077, +0.062] 0.99040 0.00442
chain_ones=1_hidden=0_hetero=1_scramble=1 IRM [+0.159, -0.187, +0.490, -0.854, +0.015, -0.174, +0.095, -0.485, +0.659, +0.109] 1.35644 0.14413
chain_ones=1_hidden=0_hetero=1_scramble=1 SEM [+1.000, +1.000, +1.000, +1.000, +1.000, +0.000, +0.000, +0.000, +0.000, +0.000] 0.00000 0.00000
chain_ones=1_hidden=0_hetero=1_scramble=1 ERM [+0.027, +0.029, +0.041, -0.013, +0.011, +0.044, +0.049, +0.027, +0.072, +0.082] 0.96279 0.00340
chain_ones=1_hidden=0_hetero=1_scramble=1 IRM [-0.689, -0.018, -0.123, +0.696, +0.434, -0.165, +0.678, -0.666, -0.001, +0.143] 1.11254 0.19005
chain_ones=1_hidden=0_hetero=1_scramble=1 SEM [+1.000, +1.000, +1.000, +1.000, +1.000, +0.000, +0.000, +0.000, +0.000, +0.000] 0.00000 0.00000
chain_ones=1_hidden=0_hetero=1_scramble=1 ERM [+0.030, -0.014, +0.024, +0.043, +0.032, +0.068, +0.076, +0.042, +0.043, +0.073] 0.95478 0.00387
chain_ones=1_hidden=0_hetero=1_scramble=1 IRM [-0.205, -0.497, +0.244, +0.001, +0.168, +0.353, +0.321, -0.334, -0.216, +0.186] 1.19129 0.08398
chain_ones=1_hidden=0_hetero=1_scramble=1 SEM [+1.000, +1.000, +1.000, +1.000, +1.000, +0.000, +0.000, +0.000, +0.000, +0.000] 0.00000 0.00000
chain_ones=1_hidden=0_hetero=1_scramble=1 ERM [+0.031, +0.017, +0.034, +0.038, +0.026, +0.030, +0.061, +0.053, +0.046, +0.038] 0.94270 0.00219
chain_ones=1_hidden=0_hetero=1_scramble=1 IRM [-0.256, +0.299, +0.226, -1.190, +0.094, +0.087, +0.038, +0.276, -0.198, -0.503] 1.65691 0.07548
chain_ones=1_hidden=0_hetero=1_scramble=1 SEM [+1.000, +1.000, +1.000, +1.000, +1.000, +0.000, +0.000, +0.000, +0.000, +0.000] 0.00000 0.00000
chain_ones=1_hidden=0_hetero=1_scramble=1 ERM [+0.047, +0.024, +0.050, +0.065, +0.039, +0.044, +0.042, +0.056, +0.046, +0.048] 0.91227 0.00224
chain_ones=1_hidden=0_hetero=1_scramble=1 IRM [-0.214, +0.151, +0.066, +0.434, +0.249, +0.617, -0.117, -0.429, -0.393, -0.101] 0.79013 0.14867
chain_ones=1_hidden=0_hetero=1_scramble=1 SEM [+1.000, +1.000, +1.000, +1.000, +1.000, +0.000, +0.000, +0.000, +0.000, +0.000] 0.00000 0.00000
chain_ones=1_hidden=0_hetero=1_scramble=1 ERM [+0.037, +0.048, +0.053, +0.031, +0.053, +0.039, +0.035, +0.030, +0.057, +0.040] 0.91362 0.00170
chain_ones=1_hidden=0_hetero=1_scramble=1 IRM [-0.200, +0.282, +0.118, +0.210, +0.308, +0.302, -0.069, +0.065, -0.012, -0.104] 0.76741 0.02217
chain_ones=1_hidden=0_hetero=1_scramble=1 SEM [+1.000, +1.000, +1.000, +1.000, +1.000, +0.000, +0.000, +0.000, +0.000, +0.000] 0.00000 0.00000
chain_ones=1_hidden=0_hetero=1_scramble=1 ERM [+0.014, +0.018, +0.021, +0.053, +0.018, +0.063, +0.070, +0.050, +0.045, +0.081] 0.95115 0.00402
chain_ones=1_hidden=0_hetero=1_scramble=1 IRM [-0.101, -0.445, +0.170, -0.188, -0.225, +0.030, -0.047, -0.063, +0.274, +0.063] 1.37984 0.01727
chain_ones=1_hidden=0_hetero=1_scramble=1 SEM [+1.000, +1.000, +1.000, +1.000, +1.000, +0.000, +0.000, +0.000, +0.000, +0.000] 0.00000 0.00000
chain_ones=1_hidden=0_hetero=1_scramble=1 ERM [+0.030, +0.027, +0.019, +0.017, +0.046, +0.039, +0.056, +0.063, +0.073, +0.048] 0.94554 0.00324
chain_ones=1_hidden=0_hetero=1_scramble=1 IRM [-0.154, +0.019, +0.201, +0.137, +0.144, -0.190, -0.228, -0.321, +0.060, -0.147] 0.88193 0.04324chain_ones=1_hidden=1_hetero=0_scramble=0 SEM [+1.000, +1.000, +1.000, +1.000, +1.000, +0.000, +0.000, +0.000, +0.000, +0.000] 0.00000 0.00000
chain_ones=1_hidden=1_hetero=0_scramble=0 ERM [+0.105, +0.058, +0.067, +0.024, +0.055, +0.031, +0.013, +0.043, +0.040, +0.030] 0.88089 0.00109
chain_ones=1_hidden=1_hetero=0_scramble=0 IRM [-0.099, +0.404, +0.069, -0.223, -0.155, +0.123, -0.386, +0.214, -0.079, -0.049] 1.05191 0.04365
chain_ones=1_hidden=1_hetero=0_scramble=0 SEM [+1.000, +1.000, +1.000, +1.000, +1.000, +0.000, +0.000, +0.000, +0.000, +0.000] 0.00000 0.00000
chain_ones=1_hidden=1_hetero=0_scramble=0 ERM [+0.061, +0.104, +0.076, +0.070, +0.053, +0.037, +0.030, +0.019, +0.027, +0.054] 0.86020 0.00125
chain_ones=1_hidden=1_hetero=0_scramble=0 IRM [-0.019, +0.406, +0.566, -0.053, -0.507, -0.011, +0.375, -0.352, +0.052, +0.123] 0.99191 0.05653
chain_ones=1_hidden=1_hetero=0_scramble=0 SEM [+1.000, +1.000, +1.000, +1.000, +1.000, +0.000, +0.000, +0.000, +0.000, +0.000] 0.00000 0.00000
chain_ones=1_hidden=1_hetero=0_scramble=0 ERM [+0.079, +0.048, +0.065, +0.078, +0.035, +0.027, +0.038, +0.035, +0.024, +0.035] 0.88212 0.00104
chain_ones=1_hidden=1_hetero=0_scramble=0 IRM [-0.133, +0.692, -0.018, +0.155, +0.154, +0.236, -0.246, +0.048, -0.016, -0.037] 0.76866 0.02405
chain_ones=1_hidden=1_hetero=0_scramble=0 SEM [+1.000, +1.000, +1.000, +1.000, +1.000, +0.000, +0.000, +0.000, +0.000, +0.000] 0.00000 0.00000
chain_ones=1_hidden=1_hetero=0_scramble=0 ERM [+0.070, +0.038, +0.075, +0.060, +0.059, +0.041, +0.059, +0.027, +0.049, +0.031] 0.88306 0.00185
chain_ones=1_hidden=1_hetero=0_scramble=0 IRM [+0.295, +0.034, +0.304, +0.124, +0.268, -0.111, +0.025, +0.059, +0.112, -0.247] 0.64355 0.01795
chain_ones=1_hidden=1_hetero=0_scramble=0 SEM [+1.000, +1.000, +1.000, +1.000, +1.000, +0.000, +0.000, +0.000, +0.000, +0.000] 0.00000 0.00000
chain_ones=1_hidden=1_hetero=0_scramble=0 ERM [+0.062, +0.066, +0.087, +0.070, +0.076, +0.028, +0.033, +0.034, +0.020, +0.022] 0.86099 0.00077
chain_ones=1_hidden=1_hetero=0_scramble=0 IRM [+0.041, +0.044, +0.141, -0.539, -0.120, -0.189, -0.166, +0.210, +0.094, -0.187] 1.23835 0.03021
chain_ones=1_hidden=1_hetero=0_scramble=0 SEM [+1.000, +1.000, +1.000, +1.000, +1.000, +0.000, +0.000, +0.000, +0.000, +0.000] 0.00000 0.00000
chain_ones=1_hidden=1_hetero=0_scramble=0 ERM [+0.073, +0.069, +0.121, +0.070, +0.034, +0.054, +0.041, +0.045, +0.044, +0.024] 0.85937 0.00183
chain_ones=1_hidden=1_hetero=0_scramble=0 IRM [-0.892, +0.309, +0.215, -0.623, +0.443, +0.056, -0.035, -0.013, +0.136, -0.417] 1.52333 0.03929
chain_ones=1_hidden=1_hetero=0_scramble=0 SEM [+1.000, +1.000, +1.000, +1.000, +1.000, +0.000, +0.000, +0.000, +0.000, +0.000] 0.00000 0.00000
chain_ones=1_hidden=1_hetero=0_scramble=0 ERM [+0.083, +0.082, +0.038, +0.093, +0.049, +0.038, +0.017, +0.038, +0.021, +0.036] 0.86697 0.00098
chain_ones=1_hidden=1_hetero=0_scramble=0 IRM [+0.329, +0.012, -0.247, -0.260, -0.497, +0.118, +0.101, +0.021, +0.008, -0.076] 1.36118 0.00605
chain_ones=1_hidden=1_hetero=0_scramble=0 SEM [+1.000, +1.000, +1.000, +1.000, +1.000, +0.000, +0.000, +0.000, +0.000, +0.000] 0.00000 0.00000
chain_ones=1_hidden=1_hetero=0_scramble=0 ERM [+0.070, +0.058, +0.058, +0.092, +0.073, +0.011, +0.055, +0.014, +0.035, +0.020] 0.86466 0.00100
chain_ones=1_hidden=1_hetero=0_scramble=0 IRM [-0.217, -0.008, -0.217, -0.184, -0.327, +0.210, -0.078, -0.077, -0.115, +0.215] 1.42866 0.02313
chain_ones=1_hidden=1_hetero=0_scramble=0 SEM [+1.000, +1.000, +1.000, +1.000, +1.000, +0.000, +0.000, +0.000, +0.000, +0.000] 0.00000 0.00000
chain_ones=1_hidden=1_hetero=0_scramble=0 ERM [+0.048, +0.068, +0.065, +0.085, +0.057, +0.029, +0.038, +0.019, +0.047, +0.037] 0.87548 0.00125
chain_ones=1_hidden=1_hetero=0_scramble=0 IRM [-0.049, -0.399, -0.884, -0.279, +0.373, -0.024, +0.037, +0.353, +0.120, -0.133] 1.72796 0.03170
chain_ones=1_hidden=1_hetero=0_scramble=0 SEM [+1.000, +1.000, +1.000, +1.000, +1.000, +0.000, +0.000, +0.000, +0.000, +0.000] 0.00000 0.00000
chain_ones=1_hidden=1_hetero=0_scramble=0 ERM [+0.073, +0.078, +0.143, +0.086, +0.031, +0.011, +0.047, +0.015, +0.019, +0.032] 0.84347 0.00079
chain_ones=1_hidden=1_hetero=0_scramble=0 IRM [+0.135, +0.237, -0.204, +0.561, +0.311, +0.200, +0.040, +0.266, -0.113, -0.648] 0.68962 0.10910